{
    "cameras": [
        {
            "camera_id": "1",
            "focal_px": "1307.2340425531916",
            "width": "1024",
            "height": "1024",
            "rig_extrinsics_R": [
                "7.549790126404332e-08",
                "1.0",
                "-2.1816813244868172e-08",
                "0.8660253882408142",
                "-7.629150644561378e-08",
                "-0.5",
                "-0.5",
                "1.8855036643117273e-08",
                "-0.8660253882408142"
            ],
            "rig_extrinsics_t": [
                "-1.5084030025036554e-08",
                "1.1507833031835471e-15",
                "0.7999999523162842"
            ]
        },
        {
            "camera_id": "2",
            "focal_px": "1307.2340425531916",
            "width": "1024",
            "height": "1024",
            "rig_extrinsics_R": [
                "-1.0",
                "1.5099578831723193e-07",
                "-2.1816802586727135e-08",
                "1.4167460449243663e-07",
                "0.8660253286361694",
                "-0.5000001192092896",
                "-5.6604015696848364e-08",
                "-0.5000001192092896",
                "-0.8660253286361694"
            ],
            "rig_extrinsics_t": [
                "-1.5084030025036554e-08",
                "1.1920928955078125e-07",
                "0.800000011920929"
            ]
        },
        {
            "camera_id": "3",
            "focal_px": "1307.2340425531916",
            "width": "1024",
            "height": "1024",
            "rig_extrinsics_R": [
                "-4.371139183945161e-08",
                "-1.0",
                "-2.1816813244868172e-08",
                "-0.8660253882408142",
                "4.876358161709504e-08",
                "-0.5",
                "0.5",
                "-2.9617801544645772e-09",
                "-0.8660253882408142"
            ],
            "rig_extrinsics_t": [
                "3.259968650581868e-08",
                "-1.5896773423307439e-15",
                "0.7999999523162842"
            ]
        },
        {
            "camera_id": "4",
            "focal_px": "1307.2340425531916",
            "width": "1024",
            "height": "1024",
            "rig_extrinsics_R": [
                "1.0",
                "-8.881784197001252e-16",
                "-2.181681679758185e-08",
                "-1.0908412839683024e-08",
                "-0.8660253286361694",
                "-0.5000001192092896",
                "-1.8893915765261227e-08",
                "0.5000001192092896",
                "-0.8660253286361694"
            ],
            "rig_extrinsics_t": [
                "-1.5084026472322876e-08",
                "1.1920928955078125e-07",
                "0.800000011920929"
            ]
        }
    ],
    "lights": [
        {
            "light_id": "1",
            "type": "POINT",
            "rig_extrinsics_R": [
                "-0.38268330693244934",
                "0.9238796234130859",
                "4.4703490686970326e-08",
                "0.8001033067703247",
                "0.33141350746154785",
                "-0.5000001192092896",
                "-0.46193984150886536",
                "-0.19134163856506348",
                "-0.8660253286361694"
            ],
            "rig_extrinsics_t": [
                "-6.222516901743802e-08",
                "4.366266637134686e-08",
                "0.7999999523162842"
            ],
            "diameter": "0.005",
            "radiance": "15198.17754635067",
            "power": "15"
        },
        {
            "light_id": "2",
            "type": "POINT",
            "rig_extrinsics_R": [
                "-0.9238794445991516",
                "0.38268372416496277",
                "-2.980232594040899e-08",
                "0.3314138650894165",
                "0.8001030683517456",
                "-0.5000000596046448",
                "-0.19134186208248138",
                "-0.4619397222995758",
                "-0.8660253882408142"
            ],
            "rig_extrinsics_t": [
                "-0.0",
                "0.0",
                "0.800000011920929"
            ],
            "diameter": "0.005",
            "radiance": "15198.17754635067",
            "power": "15"
        },
        {
            "light_id": "3",
            "type": "POINT",
            "rig_extrinsics_R": [
                "-0.9238795638084412",
                "-0.38268327713012695",
                "-2.9802322387695312e-08",
                "-0.3314134478569031",
                "0.8001031875610352",
                "-0.5",
                "0.19134166836738586",
                "-0.46193981170654297",
                "-0.866025447845459"
            ],
            "rig_extrinsics_t": [
                "-9.184096683156895e-08",
                "-9.783662768825252e-10",
                "0.800000011920929"
            ],
            "diameter": "0.005",
            "radiance": "15198.17754635067",
            "power": "15"
        },
        {
            "light_id": "4",
            "type": "POINT",
            "rig_extrinsics_R": [
                "-0.38268351554870605",
                "-0.9238795042037964",
                "-2.9802322387695312e-08",
                "-0.8001031279563904",
                "0.3314136266708374",
                "-0.5000000596046448",
                "0.4619397521018982",
                "-0.19134174287319183",
                "-0.8660253882408142"
            ],
            "rig_extrinsics_t": [
                "2.5524652613739818e-08",
                "2.1831326080246072e-08",
                "0.800000011920929"
            ],
            "diameter": "0.005",
            "radiance": "15198.17754635067",
            "power": "15"
        },
        {
            "light_id": "5",
            "type": "POINT",
            "rig_extrinsics_R": [
                "0.3826829195022583",
                "-0.923879861831665",
                "-5.960465898624534e-08",
                "-0.8001033663749695",
                "-0.3314130902290344",
                "-0.5000001788139343",
                "0.46193990111351013",
                "0.19134150445461273",
                "-0.866025447845459"
            ],
            "rig_extrinsics_t": [
                "-4.285210053467381e-08",
                "4.936510933362115e-08",
                "0.7999999523162842"
            ],
            "diameter": "0.005",
            "radiance": "15198.17754635067",
            "power": "15"
        },
        {
            "light_id": "6",
            "type": "POINT",
            "rig_extrinsics_R": [
                "0.9238795042037964",
                "-0.38268351554870605",
                "0.0",
                "-0.3314136266708374",
                "-0.8001031279563904",
                "-0.5",
                "0.19134175777435303",
                "0.4619397521018982",
                "-0.8660253882408142"
            ],
            "rig_extrinsics_t": [
                "1.5647756868020224e-08",
                "-5.702428751419575e-09",
                "0.800000011920929"
            ],
            "diameter": "0.005",
            "radiance": "15198.17754635067",
            "power": "15"
        },
        {
            "light_id": "7",
            "type": "POINT",
            "rig_extrinsics_R": [
                "0.9238794445991516",
                "0.3826836347579956",
                "1.4901162970204496e-08",
                "0.33141377568244934",
                "-0.8001031279563904",
                "-0.5000001192092896",
                "-0.191341832280159",
                "0.4619397521018982",
                "-0.8660253286361694"
            ],
            "rig_extrinsics_t": [
                "-2.7204379193790373e-08",
                "5.506750966333129e-08",
                "0.7999999523162842"
            ],
            "diameter": "0.005",
            "radiance": "15198.17754635067",
            "power": "15"
        },
        {
            "light_id": "8",
            "type": "POINT",
            "rig_extrinsics_R": [
                "0.3826838731765747",
                "0.9238793849945068",
                "-1.4901161193847656e-08",
                "0.8001030087471008",
                "-0.33141395449638367",
                "-0.5",
                "-0.4619396924972534",
                "0.19134192168712616",
                "-0.866025447845459"
            ],
            "rig_extrinsics_t": [
                "-0.0",
                "-0.0",
                "0.8000000715255737"
            ],
            "diameter": "0.005",
            "radiance": "15198.17754635067",
            "power": "15"
        }
    ]
}